16,1,13,06/21/2021
24,10,18,04/12/2021
23,1,7,03/10/2022
42,5,15,12/30/2021
26,8,8,06/25/2021
30,1,13,08/03/2021
28,10,17,11/04/2021
35,4,3,11/15/2021
26,1,16,11/10/2021
11,10,13,06/29/2021
13,9,11,10/14/2021
7,3,8,10/27/2021
39,1,8,12/25/2021
20,1,15,11/15/2021
50,3,13,01/11/2022
45,10,10,02/05/2022
11,8,11,02/28/2022
2,2,17,03/21/2022
40,8,5,03/20/2022
46,3,4,05/07/2021
33,13,7,01/22/2022
7,3,9,05/30/2021
8,12,17,12/31/2021
19,13,2,12/21/2021
41,2,8,04/03/2021
47,9,10,07/10/2021
19,12,4,09/17/2021
1,11,6,06/07/2021
2,2,17,03/21/2022
